n1 <- 1000
n2<-1000
p<-10
umin<-0.3
umax<-0.8
rates.drop<-0.7
rates.connect<-0.3
m.pert<-5
diffmode<-5
T <- 10


